11.25 7.43 15.48 2.27 48.90 15.13 49.28
10.87 7.45 14.97 1.97 47.71 14.46 44.36
11.18 7.44 14.20 1.97 48.29 14.81 43.66
10.62 7.38 15.02 2.03 49.06 14.72 44.80
11.02 7.43 12.92 1.97 47.44 14.40 41.20
10.83 7.72 13.58 2.12 48.34 14.18 43.06
11.18 7.05 14.12 2.06 49.34 14.39 41.68
11.05 6.95 15.34 2.00 48.21 14.36 41.32
11.15 7.12 14.52 2.03 49.15 14.66 42.36
11.23 7.28 15.25 1.97 48.60 14.76 48.02
10.94 7.45 15.34 1.97 49.94 14.25 41.86
11.18 7.34 14.48 1.94 49.02 15.11 42.76
11.02 7.29 12.92 2.06 48.23 14.94 39.54
10.99 7.37 13.61 1.97 47.83 14.70 43.88
11.03 7.45 14.20 1.97 48.94 15.44 41.66
11.09 7.08 14.51 2.03 49.89 14.78 43.20
11.46 6.75 16.07 2.00 51.28 16.06 50.66